9700 0.077261 1.070711e-01 -0.991245 8.635050e+02 0.997009 -5.907170e-03 0.077072 3.040428e+03 0.002397 -9.942341e-01 -0.107206 1.155287e+02 0.000000 0 0.000000 1 
9701 0.076160 1.096969e-01 -0.991043 8.625781e+02 0.997095 -9.792495e-03 0.075542 3.040540e+03 -0.001418 -9.939171e-01 -0.110123 1.155220e+02 0.000000 0 0.000000 1 
9702 0.074727 1.123295e-01 -0.990857 8.616503e+02 0.997197 -1.230514e-02 0.073810 3.040648e+03 -0.003901 -9.935951e-01 -0.112933 1.155176e+02 0.000000 0 0.000000 1 
9703 0.072744 1.090414e-01 -0.991372 8.607309e+02 0.997339 -1.289403e-02 0.071763 3.040750e+03 -0.004957 -9.939538e-01 -0.109688 1.155148e+02 0.000000 0 0.000000 1 
9704 0.069982 1.024264e-01 -0.992276 8.598153e+02 0.997511 -1.588414e-02 0.068712 3.040854e+03 -0.008723 -9.946140e-01 -0.103282 1.155128e+02 0.000000 0 0.000000 1 
9705 0.066524 9.908313e-02 -0.992853 8.588944e+02 0.997703 -1.937119e-02 0.064916 3.040956e+03 -0.012800 -9.948908e-01 -0.100143 1.155134e+02 0.000000 0 0.000000 1 
9706 0.062947 1.005099e-01 -0.992943 8.579669e+02 0.997902 -2.143825e-02 0.061091 3.041053e+03 -0.015146 -9.947053e-01 -0.101648 1.155154e+02 0.000000 0 0.000000 1 
9707 0.059481 1.026543e-01 -0.992937 8.570372e+02 0.998069 -2.396044e-02 0.057311 3.041146e+03 -0.017908 -9.944287e-01 -0.103880 1.155160e+02 0.000000 0 0.000000 1 
9708 0.055652 1.058774e-01 -0.992820 8.561060e+02 0.998298 -2.331787e-02 0.053472 3.041231e+03 -0.017489 -9.941060e-01 -0.106994 1.155118e+02 0.000000 0 0.000000 1 
9709 0.051972 1.092878e-01 -0.992650 8.551743e+02 0.998510 -2.229470e-02 0.049824 3.041312e+03 -0.016685 -9.937603e-01 -0.110283 1.155062e+02 0.000000 0 0.000000 1 
9710 0.048829 1.115468e-01 -0.992559 8.542469e+02 0.998626 -2.438399e-02 0.046387 3.041395e+03 -0.019028 -9.934602e-01 -0.112583 1.155006e+02 0.000000 0 0.000000 1 
9711 0.045290 1.098782e-01 -0.992912 8.533246e+02 0.998812 -2.292128e-02 0.043023 3.041469e+03 -0.018031 -9.936810e-01 -0.110785 1.154978e+02 0.000000 0 0.000000 1 
9712 0.042445 1.070158e-01 -0.993351 8.524054e+02 0.998931 -2.279029e-02 0.040228 3.041542e+03 -0.018333 -9.939963e-01 -0.107868 1.154923e+02 0.000000 0 0.000000 1 
9713 0.040105 1.044575e-01 -0.993720 8.514873e+02 0.999037 -2.192267e-02 0.038016 3.041612e+03 -0.017814 -9.942879e-01 -0.105235 1.154905e+02 0.000000 0 0.000000 1 
9714 0.038808 1.036367e-01 -0.993858 8.505721e+02 0.999054 -2.357768e-02 0.036553 3.041684e+03 -0.019644 -9.943360e-01 -0.104453 1.154875e+02 0.000000 0 0.000000 1 
9715 0.037199 1.029374e-01 -0.993992 8.496559e+02 0.999089 -2.466588e-02 0.034836 3.041754e+03 -0.020932 -9.943822e-01 -0.103760 1.154862e+02 0.000000 0 0.000000 1 
9716 0.035589 1.055675e-01 -0.993775 8.487412e+02 0.999147 -2.463583e-02 0.033165 3.041820e+03 -0.020981 -9.941072e-01 -0.106353 1.154832e+02 0.000000 0 0.000000 1 
9717 0.033736 1.075656e-01 -0.993625 8.478278e+02 0.999194 -2.528287e-02 0.031189 3.041886e+03 -0.021767 -9.938767e-01 -0.108331 1.154816e+02 0.000000 0 0.000000 1 
9718 0.032420 1.080989e-01 -0.993611 8.469194e+02 0.999231 -2.545684e-02 0.029834 3.041952e+03 -0.022069 -9.938144e-01 -0.108840 1.154780e+02 0.000000 0 0.000000 1 
9719 0.031067 1.080511e-01 -0.993660 8.460145e+02 0.999345 -2.182504e-02 0.028872 3.042008e+03 -0.018567 -9.939060e-01 -0.108658 1.154741e+02 0.000000 0 0.000000 1 
9720 0.030428 1.081012e-01 -0.993674 8.451114e+02 0.999381 -2.089380e-02 0.028330 3.042068e+03 -0.017699 -9.939205e-01 -0.108669 1.154679e+02 0.000000 0 0.000000 1 
9721 0.030216 1.096226e-01 -0.993514 8.442122e+02 0.999409 -1.961896e-02 0.028231 3.042128e+03 -0.016397 -9.937799e-01 -0.110150 1.154636e+02 0.000000 0 0.000000 1 
9722 0.030650 1.081418e-01 -0.993663 8.433157e+02 0.999441 -1.661125e-02 0.029021 3.042185e+03 -0.013367 -9.939969e-01 -0.108590 1.154603e+02 0.000000 0 0.000000 1 
9723 0.031539 1.034005e-01 -0.994139 8.424265e+02 0.999431 -1.518366e-02 0.030128 3.042245e+03 -0.011979 -9.945241e-01 -0.103820 1.154599e+02 0.000000 0 0.000000 1 
9724 0.032576 1.000297e-01 -0.994451 8.415392e+02 0.999410 -1.413004e-02 0.031317 3.042306e+03 -0.010919 -9.948843e-01 -0.100430 1.154621e+02 0.000000 0 0.000000 1 
9725 0.034757 9.657925e-02 -0.994718 8.406568e+02 0.999341 -1.379948e-02 0.033579 3.042371e+03 -0.010483 -9.952299e-01 -0.096994 1.154672e+02 0.000000 0 0.000000 1 
9726 0.036854 9.174514e-02 -0.995100 8.397807e+02 0.999317 -6.273753e-03 0.036432 3.042424e+03 -0.002900 -9.957630e-01 -0.091913 1.154781e+02 0.000000 0 0.000000 1 
9727 0.040154 8.742889e-02 -0.995361 8.389071e+02 0.999194 -2.945768e-03 0.040050 3.042484e+03 0.000570 -9.961666e-01 -0.087476 1.154885e+02 0.000000 0 0.000000 1 
9728 0.043346 8.458173e-02 -0.995473 8.380372e+02 0.999061 -3.372796e-03 0.043216 3.042554e+03 0.000298 -9.964111e-01 -0.084648 1.155032e+02 0.000000 0 0.000000 1 
9729 0.047005 8.786680e-02 -0.995022 8.371650e+02 0.998894 -2.350844e-03 0.046980 3.042626e+03 0.001789 -9.961297e-01 -0.087879 1.155180e+02 0.000000 0 0.000000 1 
9730 0.050872 8.686491e-02 -0.994920 8.363020e+02 0.998690 1.184686e-03 0.051169 3.042698e+03 0.005624 -9.962196e-01 -0.086690 1.155346e+02 0.000000 0 0.000000 1 
9731 0.055421 9.041514e-02 -0.994361 8.354374e+02 0.998413 4.980138e-03 0.056100 3.042771e+03 0.010025 -9.958919e-01 -0.089995 1.155416e+02 0.000000 0 0.000000 1 
9732 0.062067 9.106237e-02 -0.993909 8.345801e+02 0.998032 3.278945e-03 0.062625 3.042863e+03 0.008962 -9.958400e-01 -0.090679 1.155548e+02 0.000000 0 0.000000 1 
9733 0.069241 9.307614e-02 -0.993248 8.337212e+02 0.997549 3.637627e-03 0.069882 3.042957e+03 0.010118 -9.956526e-01 -0.092595 1.155678e+02 0.000000 0 0.000000 1 
9734 0.076397 9.138534e-02 -0.992881 8.328665e+02 0.996994 5.927854e-03 0.077259 3.043053e+03 0.012946 -9.957982e-01 -0.090657 1.155771e+02 0.000000 0 0.000000 1 
9735 0.082738 9.194137e-02 -0.992321 8.320081e+02 0.996460 7.277187e-03 0.083757 3.043158e+03 0.014922 -9.957381e-01 -0.091013 1.155852e+02 0.000000 0 0.000000 1 
9736 0.089072 9.377840e-02 -0.991600 8.311477e+02 0.995927 5.627427e-03 0.089993 3.043271e+03 0.014020 -9.955774e-01 -0.092894 1.155934e+02 0.000000 0 0.000000 1 
9737 0.095331 9.651499e-02 -0.990755 8.302851e+02 0.995361 3.781292e-03 0.096143 3.043393e+03 0.013026 -9.953246e-01 -0.095706 1.156015e+02 0.000000 0 0.000000 1 
9738 0.101981 1.004256e-01 -0.989704 8.294201e+02 0.994705 2.486946e-03 0.102749 3.043518e+03 0.012780 -9.949417e-01 -0.099639 1.156054e+02 0.000000 0 0.000000 1 
9739 0.108635 1.043318e-01 -0.988591 8.285522e+02 0.993981 2.788062e-03 0.109521 3.043647e+03 0.014183 -9.945389e-01 -0.103400 1.156056e+02 0.000000 0 0.000000 1 
9740 0.115357 1.072453e-01 -0.987518 8.276841e+02 0.993213 2.460396e-03 0.116289 3.043784e+03 0.014901 -9.942298e-01 -0.106233 1.156042e+02 0.000000 0 0.000000 1 
9741 0.122091 1.079798e-01 -0.986627 8.268191e+02 0.992414 1.214334e-03 0.122940 3.043929e+03 0.014473 -9.941526e-01 -0.107012 1.156028e+02 0.000000 0 0.000000 1 
9742 0.129780 1.074966e-01 -0.985698 8.259542e+02 0.991431 8.663895e-04 0.130630 3.044079e+03 0.014897 -9.942053e-01 -0.106462 1.155999e+02 0.000000 0 0.000000 1 
9743 0.138306 1.062330e-01 -0.984675 8.250886e+02 0.990223 3.420112e-03 0.139455 3.044231e+03 0.018183 -9.943356e-01 -0.104720 1.155972e+02 0.000000 0 0.000000 1 
9744 0.147333 1.055170e-01 -0.983442 8.242215e+02 0.988910 3.145107e-03 0.148489 3.044398e+03 0.018761 -9.944128e-01 -0.103883 1.155954e+02 0.000000 0 0.000000 1 
9745 0.156415 1.042687e-01 -0.982172 8.233536e+02 0.987531 1.413456e-03 0.157418 3.044575e+03 0.017802 -9.945484e-01 -0.102747 1.155965e+02 0.000000 0 0.000000 1 
9746 0.166013 1.044348e-01 -0.980578 8.224844e+02 0.985956 7.687428e-04 0.167006 3.044760e+03 0.018195 -9.945317e-01 -0.102840 1.155963e+02 0.000000 0 0.000000 1 
9747 0.176982 1.051584e-01 -0.978580 8.216161e+02 0.984017 1.019560e-03 0.178075 3.044953e+03 0.019724 -9.944552e-01 -0.103296 1.155944e+02 0.000000 0 0.000000 1 
9748 0.188781 1.053248e-01 -0.976354 8.207460e+02 0.981806 4.945038e-04 0.189888 3.045160e+03 0.020483 -9.944380e-01 -0.103314 1.155951e+02 0.000000 0 0.000000 1 
9749 0.201765 1.059318e-01 -0.973688 8.198782e+02 0.979220 -1.021751e-03 0.202800 3.045380e+03 0.020488 -9.943731e-01 -0.103936 1.155948e+02 0.000000 0 0.000000 1 
9750 0.215923 1.076701e-01 -0.970456 8.190095e+02 0.976181 -2.251081e-03 0.216947 3.045615e+03 0.021174 -9.941844e-01 -0.105591 1.155920e+02 0.000000 0 0.000000 1 
9751 0.230769 1.109883e-01 -0.966658 8.181413e+02 0.972796 -5.547884e-03 0.231597 3.045866e+03 0.020342 -9.938065e-01 -0.109248 1.155858e+02 0.000000 0 0.000000 1 
9752 0.245720 1.127549e-01 -0.962760 8.172797e+02 0.969193 -1.119929e-02 0.246050 3.046134e+03 0.016961 -9.935600e-01 -0.112032 1.155810e+02 0.000000 0 0.000000 1 
9753 0.260541 1.112615e-01 -0.959030 8.164229e+02 0.965369 -1.614433e-02 0.260390 3.046417e+03 0.013489 -9.936603e-01 -0.111614 1.155759e+02 0.000000 0 0.000000 1 
9754 0.275359 1.092817e-01 -0.955110 8.155691e+02 0.961278 -1.985365e-02 0.274865 3.046713e+03 0.011076 -9.938128e-01 -0.110516 1.155690e+02 0.000000 0 0.000000 1 
9755 0.289798 1.071760e-01 -0.951068 8.147144e+02 0.957037 -2.216817e-02 0.289118 3.047021e+03 0.009903 -9.939931e-01 -0.108995 1.155647e+02 0.000000 0 0.000000 1 
9756 0.304370 1.065734e-01 -0.946573 8.138612e+02 0.952526 -2.639506e-02 0.303312 3.047346e+03 0.007340 -9.939547e-01 -0.109547 1.155581e+02 0.000000 0 0.000000 1 
9757 0.319127 1.049626e-01 -0.941881 8.130138e+02 0.947708 -3.238457e-02 0.317492 3.047688e+03 0.002823 -9.939490e-01 -0.109808 1.155527e+02 0.000000 0 0.000000 1 
9758 0.334176 1.041997e-01 -0.936733 8.121677e+02 0.942510 -3.535810e-02 0.332304 3.048039e+03 0.001505 -9.939279e-01 -0.110024 1.155483e+02 0.000000 0 0.000000 1 
9759 0.349733 1.033416e-01 -0.931132 8.113239e+02 0.936849 -3.690641e-02 0.347783 3.048402e+03 0.001576 -9.939612e-01 -0.109722 1.155441e+02 0.000000 0 0.000000 1 
9760 0.365294 1.017913e-01 -0.925310 8.104867e+02 0.930893 -3.946284e-02 0.363157 3.048783e+03 0.000451 -9.940230e-01 -0.109172 1.155372e+02 0.000000 0 0.000000 1 
9761 0.381536 9.933612e-02 -0.919001 8.096533e+02 0.924351 -4.377101e-02 0.379025 3.049183e+03 -0.002574 -9.940910e-01 -0.108521 1.155315e+02 0.000000 0 0.000000 1 
9762 0.397900 9.680114e-02 -0.912307 8.088264e+02 0.917421 -4.616099e-02 0.395232 3.049595e+03 -0.003854 -9.942330e-01 -0.107174 1.155285e+02 0.000000 0 0.000000 1 
9763 0.414164 9.472219e-02 -0.905260 8.080069e+02 0.910189 -4.864902e-02 0.411328 3.050018e+03 -0.005078 -9.943146e-01 -0.106363 1.155232e+02 0.000000 0 0.000000 1 
9764 0.429948 9.287780e-02 -0.898063 8.071901e+02 0.902820 -5.281751e-02 0.426763 3.050461e+03 -0.007796 -9.942759e-01 -0.106560 1.155196e+02 0.000000 0 0.000000 1 
9765 0.445721 9.303594e-02 -0.890324 8.063789e+02 0.895091 -5.973020e-02 0.441865 3.050926e+03 -0.012070 -9.938697e-01 -0.109898 1.155135e+02 0.000000 0 0.000000 1 
9766 0.461262 9.267060e-02 -0.882411 8.055732e+02 0.887172 -6.256741e-02 0.457179 3.051400e+03 -0.012843 -9.937293e-01 -0.111074 1.155095e+02 0.000000 0 0.000000 1 
9767 0.476993 8.888208e-02 -0.874401 8.047810e+02 0.878784 -6.493579e-02 0.472783 3.051887e+03 -0.014758 -9.939234e-01 -0.109081 1.155056e+02 0.000000 0 0.000000 1 
9768 0.492356 8.446241e-02 -0.866286 8.039952e+02 0.870244 -6.626659e-02 0.488145 3.052390e+03 -0.016176 -9.942210e-01 -0.106129 1.154990e+02 0.000000 0 0.000000 1 
9769 0.507363 8.157879e-02 -0.857862 8.032127e+02 0.861576 -6.700393e-02 0.503188 3.052906e+03 -0.016430 -9.944123e-01 -0.104281 1.154944e+02 0.000000 0 0.000000 1 
9770 0.521302 8.048612e-02 -0.849568 8.024348e+02 0.853183 -7.011519e-02 0.516878 3.053436e+03 -0.017966 -9.942868e-01 -0.105220 1.154898e+02 0.000000 0 0.000000 1 
9771 0.533913 7.759318e-02 -0.841972 8.016652e+02 0.845259 -7.467060e-02 0.529115 3.053982e+03 -0.021815 -9.941851e-01 -0.105453 1.154868e+02 0.000000 0 0.000000 1 
9772 0.544902 7.580756e-02 -0.835066 8.009007e+02 0.838148 -7.810360e-02 0.539822 3.054539e+03 -0.024299 -9.940591e-01 -0.106096 1.154825e+02 0.000000 0 0.000000 1 
9773 0.554453 7.312806e-02 -0.828995 8.001400e+02 0.831785 -8.071536e-02 0.549199 3.055102e+03 -0.026751 -9.940512e-01 -0.105579 1.154794e+02 0.000000 0 0.000000 1 
9774 0.562822 7.145431e-02 -0.823483 7.993838e+02 0.826086 -8.301706e-02 0.557397 3.055675e+03 -0.028534 -9.939834e-01 -0.105750 1.154740e+02 0.000000 0 0.000000 1 
9775 0.570484 6.915004e-02 -0.818392 7.986290e+02 0.820754 -8.463825e-02 0.564978 3.056254e+03 -0.030199 -9.940096e-01 -0.105039 1.154697e+02 0.000000 0 0.000000 1 
9776 0.577054 6.745539e-02 -0.813916 7.978790e+02 0.816047 -8.766557e-02 0.571299 3.056838e+03 -0.032815 -9.938637e-01 -0.105634 1.154658e+02 0.000000 0 0.000000 1 
9777 0.582058 6.531526e-02 -0.810520 7.971303e+02 0.812340 -9.111971e-02 0.576022 3.057431e+03 -0.036231 -9.936959e-01 -0.106094 1.154614e+02 0.000000 0 0.000000 1 
9778 0.585236 6.387310e-02 -0.808344 7.963814e+02 0.810074 -9.004521e-02 0.579373 3.058019e+03 -0.035781 -9.938876e-01 -0.104439 1.154617e+02 0.000000 0 0.000000 1 
9779 0.587495 6.074303e-02 -0.806945 7.956336e+02 0.808429 -8.838020e-02 0.581922 3.058608e+03 -0.035970 -9.942332e-01 -0.101029 1.154618e+02 0.000000 0 0.000000 1 
9780 0.589607 5.755160e-02 -0.805637 7.948856e+02 0.806889 -8.641130e-02 0.584349 3.059202e+03 -0.035986 -9.945961e-01 -0.097386 1.154621e+02 0.000000 0 0.000000 1 
9781 0.592114 5.913559e-02 -0.803682 7.941312e+02 0.805236 -8.251639e-02 0.587186 3.059793e+03 -0.031593 -9.948339e-01 -0.096476 1.154661e+02 0.000000 0 0.000000 1 
9782 0.594565 6.243082e-02 -0.801620 7.933737e+02 0.803669 -7.677332e-02 0.590104 3.060384e+03 -0.024702 -9.950923e-01 -0.095820 1.154722e+02 0.000000 0 0.000000 1 
9783 0.596787 6.505671e-02 -0.799758 7.926214e+02 0.802149 -7.331705e-02 0.592607 3.060978e+03 -0.020083 -9.951848e-01 -0.095939 1.154770e+02 0.000000 0 0.000000 1 
9784 0.598707 6.747565e-02 -0.798121 7.918677e+02 0.800784 -7.180603e-02 0.594634 3.061579e+03 -0.017186 -9.951339e-01 -0.097023 1.154794e+02 0.000000 0 0.000000 1 
9785 0.600813 7.031165e-02 -0.796292 7.911138e+02 0.799247 -7.168455e-02 0.596712 3.062184e+03 -0.015126 -9.949463e-01 -0.099265 1.154829e+02 0.000000 0 0.000000 1 
9786 0.602929 7.278325e-02 -0.794468 7.903601e+02 0.797678 -7.212735e-02 0.598756 3.062794e+03 -0.013723 -9.947365e-01 -0.101544 1.154848e+02 0.000000 0 0.000000 1 
9787 0.604579 7.323728e-02 -0.793171 7.896101e+02 0.796412 -7.381753e-02 0.600232 3.063411e+03 -0.014590 -9.945792e-01 -0.102955 1.154877e+02 0.000000 0 0.000000 1 
9788 0.606098 7.358415e-02 -0.791979 7.888627e+02 0.795247 -7.496009e-02 0.601634 3.064028e+03 -0.015096 -9.944681e-01 -0.103950 1.154887e+02 0.000000 0 0.000000 1 
9789 0.607912 7.308119e-02 -0.790634 7.881187e+02 0.793858 -7.509951e-02 0.603449 3.064646e+03 -0.015275 -9.944947e-01 -0.103669 1.154890e+02 0.000000 0 0.000000 1 
9790 0.609389 7.257022e-02 -0.789543 7.873748e+02 0.792734 -7.435503e-02 0.605017 3.065262e+03 -0.014800 -9.945880e-01 -0.102839 1.154897e+02 0.000000 0 0.000000 1 
9791 0.610644 7.303696e-02 -0.788530 7.866316e+02 0.791790 -7.335123e-02 0.606373 3.065877e+03 -0.013552 -9.946284e-01 -0.102621 1.154892e+02 0.000000 0 0.000000 1 
9792 0.611612 7.494216e-02 -0.787600 7.858909e+02 0.791050 -7.435831e-02 0.607216 3.066494e+03 -0.013058 -9.944119e-01 -0.104761 1.154894e+02 0.000000 0 0.000000 1 
9793 0.611898 7.568601e-02 -0.787307 7.851518e+02 0.790798 -7.720683e-02 0.607188 3.067112e+03 -0.014830 -9.941384e-01 -0.107094 1.154879e+02 0.000000 0 0.000000 1 
9794 0.611619 7.634279e-02 -0.787460 7.844173e+02 0.791008 -7.807316e-02 0.606805 3.067726e+03 -0.015154 -9.940205e-01 -0.108138 1.154880e+02 0.000000 0 0.000000 1 
9795 0.611377 7.488098e-02 -0.787788 7.836870e+02 0.791171 -7.840261e-02 0.606550 3.068337e+03 -0.016345 -9.941058e-01 -0.107176 1.154868e+02 0.000000 0 0.000000 1 
9796 0.610789 7.397351e-02 -0.788330 7.829593e+02 0.791632 -7.718668e-02 0.606104 3.068942e+03 -0.016013 -9.942689e-01 -0.105704 1.154858e+02 0.000000 0 0.000000 1 
9797 0.610390 7.356746e-02 -0.788677 7.822333e+02 0.791935 -7.712180e-02 0.605716 3.069548e+03 -0.016263 -9.943040e-01 -0.105334 1.154832e+02 0.000000 0 0.000000 1 
9798 0.609983 7.385088e-02 -0.788966 7.815085e+02 0.792244 -7.751167e-02 0.605262 3.070150e+03 -0.016455 -9.942527e-01 -0.105788 1.154826e+02 0.000000 0 0.000000 1 
9799 0.609726 7.505296e-02 -0.789051 7.807850e+02 0.792463 -7.707989e-02 0.605030 3.070746e+03 -0.015410 -9.941963e-01 -0.106473 1.154829e+02 0.000000 0 0.000000 1 
9800 0.609422 7.494139e-02 -0.789296 7.800708e+02 0.792706 -7.634445e-02 0.604806 3.071339e+03 -0.014933 -9.942614e-01 -0.105932 1.154847e+02 0.000000 0 0.000000 1 
9801 0.609063 7.378787e-02 -0.789682 7.793635e+02 0.792962 -7.666204e-02 0.604429 3.071926e+03 -0.015939 -9.943233e-01 -0.105202 1.154838e+02 0.000000 0 0.000000 1 
9802 0.608688 7.392324e-02 -0.789958 7.786615e+02 0.793255 -7.636503e-02 0.604082 3.072503e+03 -0.015669 -9.943361e-01 -0.105122 1.154830e+02 0.000000 0 0.000000 1 
9803 0.608169 7.633948e-02 -0.790128 7.779677e+02 0.793713 -7.390952e-02 0.603787 3.073068e+03 -0.012305 -9.943390e-01 -0.105540 1.154850e+02 0.000000 0 0.000000 1 
9804 0.607644 7.672431e-02 -0.790495 7.772872e+02 0.794126 -7.316072e-02 0.603334 3.073626e+03 -0.011543 -9.943648e-01 -0.105384 1.154868e+02 0.000000 0 0.000000 1 
9805 0.606836 7.527089e-02 -0.791255 7.766202e+02 0.794741 -7.220822e-02 0.602639 3.074176e+03 -0.011774 -9.945455e-01 -0.103639 1.154891e+02 0.000000 0 0.000000 1 
9806 0.606343 7.660134e-02 -0.791505 7.759641e+02 0.795140 -7.108532e-02 0.602246 3.074711e+03 -0.010131 -9.945248e-01 -0.104010 1.154899e+02 0.000000 0 0.000000 1 
9807 0.605752 7.805019e-02 -0.791816 7.753206e+02 0.795610 -6.992174e-02 0.601762 3.075234e+03 -0.008397 -9.944946e-01 -0.104452 1.154933e+02 0.000000 0 0.000000 1 
9808 0.605180 7.918020e-02 -0.792141 7.746931e+02 0.796056 -6.933441e-02 0.601239 3.075743e+03 -0.007316 -9.944464e-01 -0.104991 1.154976e+02 0.000000 0 0.000000 1 
9809 0.605002 7.936891e-02 -0.792258 7.740863e+02 0.796199 -6.832554e-02 0.601165 3.076238e+03 -0.006417 -9.945012e-01 -0.104530 1.155028e+02 0.000000 0 0.000000 1 
9810 0.605098 7.890944e-02 -0.792231 7.734991e+02 0.796129 -6.743616e-02 0.601358 3.076720e+03 -0.005972 -9.945985e-01 -0.103627 1.155084e+02 0.000000 0 0.000000 1 
9811 0.605185 7.921136e-02 -0.792135 7.729258e+02 0.796058 -6.860826e-02 0.601320 3.077192e+03 -0.006715 -9.944943e-01 -0.104577 1.155107e+02 0.000000 0 0.000000 1 
9812 0.605102 7.961534e-02 -0.792157 7.723718e+02 0.796120 -6.891129e-02 0.601203 3.077648e+03 -0.006723 -9.944411e-01 -0.105081 1.155146e+02 0.000000 0 0.000000 1 
9813 0.605063 8.069113e-02 -0.792078 7.718349e+02 0.796158 -6.827417e-02 0.601225 3.078084e+03 -0.005565 -9.943983e-01 -0.105552 1.155191e+02 0.000000 0 0.000000 1 
9814 0.605103 8.173602e-02 -0.791940 7.713193e+02 0.796131 -6.856191e-02 0.601228 3.078505e+03 -0.005155 -9.942932e-01 -0.106559 1.155225e+02 0.000000 0 0.000000 1 
9815 0.605554 8.163155e-02 -0.791606 7.708278e+02 0.795789 -6.843406e-02 0.601696 3.078909e+03 -0.005055 -9.943106e-01 -0.106401 1.155256e+02 0.000000 0 0.000000 1 
9816 0.607385 8.078643e-02 -0.790289 7.703620e+02 0.794387 -6.910924e-02 0.603468 3.079299e+03 -0.005864 -9.943329e-01 -0.106151 1.155285e+02 0.000000 0 0.000000 1 
9817 0.610501 8.140190e-02 -0.787821 7.699177e+02 0.791993 -7.030880e-02 0.606469 3.079674e+03 -0.006023 -9.941986e-01 -0.107393 1.155318e+02 0.000000 0 0.000000 1 
9818 0.614505 8.191636e-02 -0.784649 7.694980e+02 0.788895 -7.067746e-02 0.610451 3.080031e+03 -0.005451 -9.941302e-01 -0.108054 1.155350e+02 0.000000 0 0.000000 1 
9819 0.619341 8.097446e-02 -0.780935 7.691014e+02 0.785112 -6.908335e-02 0.615490 3.080373e+03 -0.004110 -9.943194e-01 -0.106359 1.155395e+02 0.000000 0 0.000000 1 
9820 0.625365 8.033266e-02 -0.776186 7.687268e+02 0.780331 -6.659428e-02 0.621812 3.080702e+03 -0.001737 -9.945413e-01 -0.104331 1.155443e+02 0.000000 0 0.000000 1 
9821 0.633045 7.917329e-02 -0.770056 7.683713e+02 0.774116 -6.529072e-02 0.629669 3.081025e+03 -0.000424 -9.947207e-01 -0.102620 1.155487e+02 0.000000 0 0.000000 1 
9822 0.642547 7.649977e-02 -0.762418 7.680316e+02 0.766247 -6.439702e-02 0.639312 3.081349e+03 -0.000190 -9.949881e-01 -0.099995 1.155530e+02 0.000000 0 0.000000 1 
9823 0.653841 7.301253e-02 -0.753101 7.677034e+02 0.756632 -6.437668e-02 0.650665 3.081681e+03 -0.000975 -9.952514e-01 -0.097335 1.155571e+02 0.000000 0 0.000000 1 
9824 0.667208 7.185848e-02 -0.741397 7.673828e+02 0.744872 -6.488068e-02 0.664046 3.082018e+03 -0.000385 -9.953026e-01 -0.096813 1.155596e+02 0.000000 0 0.000000 1 
9825 0.683500 7.288741e-02 -0.726302 7.670680e+02 0.729949 -6.582411e-02 0.680325 3.082364e+03 0.001779 -9.951659e-01 -0.098194 1.155624e+02 0.000000 0 0.000000 1 
9826 0.702723 7.482334e-02 -0.707519 7.667667e+02 0.711447 -6.689566e-02 0.699549 3.082718e+03 0.005013 -9.949507e-01 -0.100241 1.155665e+02 0.000000 0 0.000000 1 
9827 0.723955 7.484440e-02 -0.685775 7.664845e+02 0.689807 -6.774640e-02 0.720817 3.083082e+03 0.007491 -9.948916e-01 -0.100673 1.155697e+02 0.000000 0 0.000000 1 
9828 0.746343 7.281097e-02 -0.661567 7.662211e+02 0.665515 -6.978939e-02 0.743115 3.083456e+03 0.007937 -9.949012e-01 -0.100543 1.155731e+02 0.000000 0 0.000000 1 
9829 0.769422 6.959707e-02 -0.634938 7.659811e+02 0.638712 -7.428952e-02 0.765851 3.083843e+03 0.006132 -9.948054e-01 -0.101612 1.155729e+02 0.000000 0 0.000000 1 
9830 0.793181 6.709420e-02 -0.605280 7.657596e+02 0.608961 -7.804701e-02 0.789352 3.084237e+03 0.005721 -9.946896e-01 -0.102762 1.155724e+02 0.000000 0 0.000000 1 
9831 0.817295 6.374693e-02 -0.572682 7.655588e+02 0.576193 -8.083648e-02 0.813306 3.084636e+03 0.005552 -9.946870e-01 -0.102797 1.155753e+02 0.000000 0 0.000000 1 
9832 0.840966 6.072380e-02 -0.537670 7.653751e+02 0.541056 -8.345627e-02 0.836836 3.085043e+03 0.005944 -9.946598e-01 -0.103038 1.155763e+02 0.000000 0 0.000000 1 
9833 0.863626 5.570408e-02 -0.501047 7.652106e+02 0.504110 -8.555608e-02 0.859391 3.085464e+03 0.005004 -9.947752e-01 -0.101969 1.155768e+02 0.000000 0 0.000000 1 
9834 0.884749 4.979160e-02 -0.463402 7.650634e+02 0.466056 -8.687226e-02 0.880480 3.085901e+03 0.003584 -9.949746e-01 -0.100065 1.155781e+02 0.000000 0 0.000000 1 
9835 0.904955 4.591819e-02 -0.423024 7.649296e+02 0.425488 -8.763078e-02 0.900711 3.086352e+03 0.004289 -9.950944e-01 -0.098839 1.155762e+02 0.000000 0 0.000000 1 
9836 0.924242 4.408566e-02 -0.379253 7.648090e+02 0.381750 -8.944842e-02 0.919927 3.086822e+03 0.006632 -9.950155e-01 -0.099501 1.155739e+02 0.000000 0 0.000000 1 
9837 0.941976 4.347415e-02 -0.332854 7.647063e+02 0.335516 -9.086944e-02 0.937641 3.087308e+03 0.010517 -9.949137e-01 -0.100182 1.155739e+02 0.000000 0 0.000000 1 
9838 0.957872 4.173143e-02 -0.284150 7.646292e+02 0.286894 -9.348891e-02 0.953389 3.087813e+03 0.013222 -9.947456e-01 -0.101522 1.155725e+02 0.000000 0 0.000000 1 
9839 0.971456 3.881266e-02 -0.234023 7.645781e+02 0.236725 -9.488849e-02 0.966932 3.088331e+03 0.015323 -9.947312e-01 -0.101367 1.155728e+02 0.000000 0 0.000000 1 
9840 0.982720 3.342860e-02 -0.182055 7.645580e+02 0.184446 -9.431817e-02 0.978306 3.088862e+03 0.015533 -9.949809e-01 -0.098853 1.155744e+02 0.000000 0 0.000000 1 
9841 0.991360 2.918809e-02 -0.127883 7.645639e+02 0.130109 -9.494059e-02 0.986944 3.089408e+03 0.016666 -9.950552e-01 -0.097917 1.155726e+02 0.000000 0 0.000000 1 
9842 0.997070 2.484966e-02 -0.072346 7.645995e+02 0.074404 -9.544092e-02 0.992650 3.089968e+03 0.017763 -9.951251e-01 -0.097009 1.155723e+02 0.000000 0 0.000000 1 
9843 0.999652 2.123655e-02 -0.015708 7.646672e+02 0.017638 -9.397075e-02 0.995419 3.090537e+03 0.019663 -9.953487e-01 -0.094312 1.155733e+02 0.000000 0 0.000000 1 
9844 0.999003 1.738532e-02 0.041126 7.647683e+02 -0.039334 -9.320201e-02 0.994870 3.091116e+03 0.021129 -9.954957e-01 -0.092424 1.155777e+02 0.000000 0 0.000000 1 
9845 0.995125 1.325310e-02 0.097733 7.649036e+02 -0.096110 -9.213608e-02 0.991097 3.091705e+03 0.022140 -9.956585e-01 -0.090412 1.155865e+02 0.000000 0 0.000000 1 
9846 0.988137 6.254368e-03 0.153454 7.650793e+02 -0.152265 -9.061838e-02 0.984176 3.092299e+03 0.020061 -9.958663e-01 -0.088590 1.155892e+02 0.000000 0 0.000000 1 
9847 0.978310 -3.217921e-03 0.207123 7.652962e+02 -0.206606 -8.745906e-02 0.974507 3.092894e+03 0.014979 -9.961631e-01 -0.086226 1.155932e+02 0.000000 0 0.000000 1 
9848 0.966221 -1.226326e-02 0.257426 7.655455e+02 -0.257524 -8.461855e-02 0.962559 3.093494e+03 0.009979 -9.963382e-01 -0.084917 1.155966e+02 0.000000 0 0.000000 1 
9849 0.952875 -1.883857e-02 0.302778 7.658206e+02 -0.303270 -8.394337e-02 0.949200 3.094105e+03 0.007535 -9.962927e-01 -0.085700 1.156036e+02 0.000000 0 0.000000 1 
9850 0.938927 -2.748989e-02 0.343018 7.661285e+02 -0.344107 -8.300369e-02 0.935254 3.094722e+03 0.002762 -9.961702e-01 -0.087393 1.156110e+02 0.000000 0 0.000000 1 
9851 0.924770 -3.348141e-02 0.379052 7.664591e+02 -0.380528 -8.287709e-02 0.921048 3.095348e+03 0.000577 -9.959974e-01 -0.089382 1.156149e+02 0.000000 0 0.000000 1 
9852 0.910481 -3.933938e-02 0.411676 7.668189e+02 -0.413547 -8.203915e-02 0.906779 3.095980e+03 -0.001898 -9.958526e-01 -0.090963 1.156191e+02 0.000000 0 0.000000 1 
9853 0.896371 -4.170686e-02 0.441339 7.671976e+02 -0.443304 -8.206261e-02 0.892607 3.096621e+03 -0.001010 -9.957544e-01 -0.092047 1.156205e+02 0.000000 0 0.000000 1 
9854 0.882789 -4.497390e-02 0.467613 7.676042e+02 -0.469767 -8.045766e-02 0.879116 3.097268e+03 -0.001914 -9.957431e-01 -0.092154 1.156222e+02 0.000000 0 0.000000 1 
9855 0.870315 -4.948213e-02 0.490004 7.680384e+02 -0.492471 -7.739388e-02 0.866881 3.097919e+03 -0.004972 -9.957721e-01 -0.091725 1.156246e+02 0.000000 0 0.000000 1 
9856 0.859581 -5.452535e-02 0.508083 7.684971e+02 -0.510926 -7.474246e-02 0.856369 3.098580e+03 -0.008718 -9.957113e-01 -0.092105 1.156243e+02 0.000000 0 0.000000 1 
9857 0.851050 -5.825068e-02 0.521844 7.689715e+02 -0.524952 -7.199470e-02 0.848082 3.099252e+03 -0.011831 -9.957028e-01 -0.091849 1.156234e+02 0.000000 0 0.000000 1 
9858 0.845068 -6.164093e-02 0.531094 7.694598e+02 -0.534453 -6.979837e-02 0.842311 3.099938e+03 -0.014851 -9.956551e-01 -0.091928 1.156255e+02 0.000000 0 0.000000 1 
9859 0.841754 -6.338098e-02 0.536129 7.699598e+02 -0.539589 -6.714662e-02 0.839247 3.100636e+03 -0.017193 -9.957282e-01 -0.090720 1.156280e+02 0.000000 0 0.000000 1 
9860 0.840304 -6.386567e-02 0.538341 7.704700e+02 -0.541781 -6.400573e-02 0.838079 3.101353e+03 -0.019067 -9.959041e-01 -0.088385 1.156313e+02 0.000000 0 0.000000 1 
9861 0.839674 -6.463196e-02 0.539232 7.709913e+02 -0.542730 -6.366331e-02 0.837491 3.102092e+03 -0.019799 -9.958766e-01 -0.088533 1.156314e+02 0.000000 0 0.000000 1 
9862 0.839228 -6.568257e-02 0.539799 7.715252e+02 -0.543447 -6.652937e-02 0.836803 3.102852e+03 -0.019051 -9.956205e-01 -0.091528 1.156300e+02 0.000000 0 0.000000 1 
9863 0.838531 -6.562920e-02 0.540888 7.720711e+02 -0.544612 -7.129775e-02 0.835652 3.103632e+03 -0.016279 -9.952939e-01 -0.095527 1.156289e+02 0.000000 0 0.000000 1 
9864 0.837768 -6.538791e-02 0.542098 7.726282e+02 -0.545847 -7.475008e-02 0.834544 3.104431e+03 -0.014047 -9.950564e-01 -0.098314 1.156244e+02 0.000000 0 0.000000 1 
9865 0.836933 -6.471635e-02 0.543467 7.732002e+02 -0.547127 -7.351118e-02 0.833815 3.105237e+03 -0.014010 -9.951926e-01 -0.096931 1.156207e+02 0.000000 0 0.000000 1 
9866 0.835803 -6.290942e-02 0.545413 7.737838e+02 -0.548915 -7.548016e-02 0.832463 3.106064e+03 -0.011202 -9.951611e-01 -0.097618 1.156116e+02 0.000000 0 0.000000 1 
9867 0.834571 -6.165658e-02 0.547441 7.743825e+02 -0.550807 -7.497882e-02 0.831258 3.106905e+03 -0.010206 -9.952774e-01 -0.096535 1.156104e+02 0.000000 0 0.000000 1 
9868 0.833209 -6.265576e-02 0.549397 7.749933e+02 -0.552839 -7.370941e-02 0.830022 3.107755e+03 -0.011510 -9.953098e-01 -0.096053 1.156049e+02 0.000000 0 0.000000 1 
9869 0.831541 -6.370430e-02 0.551799 7.756213e+02 -0.555312 -7.202962e-02 0.828517 3.108614e+03 -0.013034 -9.953662e-01 -0.095270 1.156044e+02 0.000000 0 0.000000 1 
9870 0.829806 -6.574960e-02 0.554165 7.762602e+02 -0.557866 -7.210394e-02 0.826793 3.109481e+03 -0.014403 -9.952279e-01 -0.096511 1.156045e+02 0.000000 0 0.000000 1 
9871 0.828212 -6.715717e-02 0.556377 7.769066e+02 -0.560196 -7.139690e-02 0.825277 3.110355e+03 -0.015699 -9.951848e-01 -0.096752 1.156052e+02 0.000000 0 0.000000 1 
9872 0.826911 -6.742025e-02 0.558277 7.775590e+02 -0.562122 -7.185789e-02 0.823927 3.111238e+03 -0.015432 -9.951339e-01 -0.097318 1.156070e+02 0.000000 0 0.000000 1 
9873 0.825755 -6.679765e-02 0.560060 7.782192e+02 -0.563841 -7.208311e-02 0.822732 3.112132e+03 -0.014585 -9.951596e-01 -0.097185 1.156086e+02 0.000000 0 0.000000 1 
9874 0.824714 -6.312339e-02 0.562017 7.788784e+02 -0.565446 -7.291664e-02 0.821556 3.113033e+03 -0.010879 -9.953387e-01 -0.095827 1.156091e+02 0.000000 0 0.000000 1 
9875 0.823705 -5.547873e-02 0.564298 7.795384e+02 -0.567011 -7.548760e-02 0.820244 3.113944e+03 -0.002908 -9.956024e-01 -0.093636 1.156114e+02 0.000000 0 0.000000 1 
9876 0.822343 -4.814324e-02 0.566953 7.802048e+02 -0.568969 -7.885099e-02 0.818570 3.114865e+03 0.005296 -9.957235e-01 -0.092234 1.156133e+02 0.000000 0 0.000000 1 
9877 0.820569 -4.673676e-02 0.569634 7.808877e+02 -0.571432 -8.715842e-02 0.816007 3.115795e+03 0.011511 -9.950978e-01 -0.098226 1.156148e+02 0.000000 0 0.000000 1 
9878 0.818217 -4.424120e-02 0.573205 7.815721e+02 -0.574611 -9.508974e-02 0.812884 3.116725e+03 0.018543 -9.944854e-01 -0.103225 1.156120e+02 0.000000 0 0.000000 1 
9879 0.815414 -4.512973e-02 0.577117 7.822701e+02 -0.578569 -9.619175e-02 0.809941 3.117641e+03 0.018962 -9.943394e-01 -0.104546 1.156131e+02 0.000000 0 0.000000 1 
9880 0.813351 -4.828048e-02 0.579768 7.829783e+02 -0.581582 -9.314416e-02 0.808138 3.118548e+03 0.014985 -9.944816e-01 -0.103837 1.156135e+02 0.000000 0 0.000000 1 
9881 0.812611 -5.061931e-02 0.580604 7.836875e+02 -0.582678 -9.146043e-02 0.807540 3.119457e+03 0.012225 -9.945216e-01 -0.103816 1.156147e+02 0.000000 0 0.000000 1 
9882 0.812387 -5.141448e-02 0.580848 7.843943e+02 -0.583019 -9.010356e-02 0.807447 3.120366e+03 0.010822 -9.946046e-01 -0.103174 1.156178e+02 0.000000 0 0.000000 1 
9883 0.812080 -4.655756e-02 0.581687 7.850947e+02 -0.583355 -9.034316e-02 0.807177 3.121279e+03 0.014972 -9.948221e-01 -0.100525 1.156193e+02 0.000000 0 0.000000 1 
9884 0.811073 -4.104069e-02 0.583504 7.857929e+02 -0.584600 -9.117795e-02 0.806182 3.122197e+03 0.020117 -9.949888e-01 -0.097944 1.156211e+02 0.000000 0 0.000000 1 
9885 0.810128 -3.760612e-02 0.585046 7.864986e+02 -0.585742 -9.361166e-02 0.805073 3.123118e+03 0.024492 -9.948985e-01 -0.097864 1.156253e+02 0.000000 0 0.000000 1 
9886 0.809150 -3.872082e-02 0.586325 7.872188e+02 -0.587118 -9.377664e-02 0.804051 3.124039e+03 0.023850 -9.948402e-01 -0.098612 1.156304e+02 0.000000 0 0.000000 1 
9887 0.808181 -4.175753e-02 0.587452 7.879463e+02 -0.588569 -9.238845e-02 0.803150 3.124956e+03 0.020737 -9.948473e-01 -0.099243 1.156352e+02 0.000000 0 0.000000 1 
9888 0.807079 -4.315736e-02 0.588865 7.886771e+02 -0.590141 -9.093960e-02 0.802162 3.125875e+03 0.018932 -9.949210e-01 -0.098864 1.156405e+02 0.000000 0 0.000000 1 
9889 0.805795 -4.643948e-02 0.590371 7.894167e+02 -0.592029 -8.682354e-02 0.801226 3.126792e+03 0.014050 -9.951409e-01 -0.097455 1.156477e+02 0.000000 0 0.000000 1 
9890 0.804892 -4.700166e-02 0.591557 7.901534e+02 -0.593289 -8.482013e-02 0.800508 3.127710e+03 0.012551 -9.952873e-01 -0.096156 1.156559e+02 0.000000 0 0.000000 1 
9891 0.803948 -4.866877e-02 0.592705 7.908943e+02 -0.594599 -8.420458e-02 0.799601 3.128632e+03 0.010993 -9.952595e-01 -0.096634 1.156622e+02 0.000000 0 0.000000 1 
9892 0.803209 -5.029307e-02 0.593571 7.916384e+02 -0.595602 -8.561911e-02 0.798703 3.129557e+03 0.010652 -9.950580e-01 -0.098724 1.156674e+02 0.000000 0 0.000000 1 
9893 0.802636 -5.143618e-02 0.594248 7.923839e+02 -0.596372 -8.731064e-02 0.797946 3.130485e+03 0.010841 -9.948526e-01 -0.100753 1.156707e+02 0.000000 0 0.000000 1 
9894 0.802330 -5.168920e-02 0.594639 7.931300e+02 -0.596768 -8.886306e-02 0.797478 3.131414e+03 0.011621 -9.947020e-01 -0.102143 1.156729e+02 0.000000 0 0.000000 1 
9895 0.802130 -5.136232e-02 0.594936 7.938775e+02 -0.597013 -9.030582e-02 0.797133 3.132346e+03 0.012784 -9.945890e-01 -0.103100 1.156738e+02 0.000000 0 0.000000 1 
9896 0.801867 -5.157961e-02 0.595273 7.946283e+02 -0.597365 -9.067635e-02 0.796827 3.133281e+03 0.012877 -9.945440e-01 -0.103521 1.156734e+02 0.000000 0 0.000000 1 
9897 0.801668 -5.189273e-02 0.595513 7.953816e+02 -0.597626 -9.141772e-02 0.796546 3.134220e+03 0.013106 -9.944599e-01 -0.104298 1.156712e+02 0.000000 0 0.000000 1 
9898 0.801516 -5.272087e-02 0.595645 7.961366e+02 -0.597853 -9.069975e-02 0.796458 3.135159e+03 0.012035 -9.944820e-01 -0.104216 1.156704e+02 0.000000 0 0.000000 1 
9899 0.801600 -5.239736e-02 0.595560 7.968942e+02 -0.597734 -9.079957e-02 0.796536 3.136100e+03 0.012341 -9.944900e-01 -0.104104 1.156681e+02 0.000000 0 0.000000 1 
9900 0.801991 -5.370312e-02 0.594918 7.976537e+02 -0.597235 -9.056000e-02 0.796938 3.137045e+03 0.011078 -9.944422e-01 -0.104701 1.156655e+02 0.000000 0 0.000000 1 
