4650 -0.175811 -1.075444e-01 0.978532 1.399049e+03 -0.983161 -3.117279e-02 -0.180068 3.495122e+03 0.049869 -9.937117e-01 -0.100252 1.149959e+02 0.000000 0 0.000000 1 
4651 -0.183484 -1.125091e-01 0.976563 1.399721e+03 -0.982060 -2.298769e-02 -0.187165 3.494950e+03 0.043507 -9.933850e-01 -0.106272 1.149915e+02 0.000000 0 0.000000 1 
4652 -0.191809 -1.206278e-01 0.973991 1.400386e+03 -0.980625 -1.669613e-02 -0.195183 3.494777e+03 0.039807 -9.925576e-01 -0.115087 1.149884e+02 0.000000 0 0.000000 1 
4653 -0.200668 -1.246826e-01 0.971692 1.401033e+03 -0.978666 -1.914141e-02 -0.204565 3.494622e+03 0.044106 -9.920123e-01 -0.118181 1.149879e+02 0.000000 0 0.000000 1 
4654 -0.209380 -1.207228e-01 0.970353 1.401653e+03 -0.976949 -1.640473e-02 -0.212844 3.494454e+03 0.041614 -9.925509e-01 -0.114504 1.149947e+02 0.000000 0 0.000000 1 
4655 -0.216634 -1.147921e-01 0.969480 1.402249e+03 -0.975436 -1.517206e-02 -0.219762 3.494286e+03 0.039936 -9.932739e-01 -0.108685 1.149948e+02 0.000000 0 0.000000 1 
4656 -0.224616 -1.110994e-01 0.968093 1.402828e+03 -0.973680 -1.384523e-02 -0.227501 3.494119e+03 0.038679 -9.937131e-01 -0.105065 1.149907e+02 0.000000 0 0.000000 1 
4657 -0.232378 -1.141830e-01 0.965900 1.403394e+03 -0.971765 -1.452998e-02 -0.235506 3.493959e+03 0.040926 -9.933537e-01 -0.107582 1.149864e+02 0.000000 0 0.000000 1 
4658 -0.238918 -1.203179e-01 0.963557 1.403944e+03 -0.970229 -1.097010e-02 -0.241942 3.493792e+03 0.039681 -9.926750e-01 -0.114114 1.149850e+02 0.000000 0 0.000000 1 
4659 -0.245804 -1.258349e-01 0.961117 1.404473e+03 -0.968566 -7.213541e-03 -0.248654 3.493625e+03 0.038223 -9.920252e-01 -0.120105 1.149803e+02 0.000000 0 0.000000 1 
4660 -0.254092 -1.273068e-01 0.958765 1.404978e+03 -0.966399 -6.426204e-03 -0.256968 3.493466e+03 0.038875 -9.918428e-01 -0.121395 1.149767e+02 0.000000 0 0.000000 1 
4661 -0.262004 -1.272547e-01 0.956640 1.405462e+03 -0.964305 -4.858157e-03 -0.264750 3.493307e+03 0.038338 -9.918584e-01 -0.121439 1.149767e+02 0.000000 0 0.000000 1 
4662 -0.268738 -1.268487e-01 0.954824 1.405929e+03 -0.962380 -5.874962e-03 -0.271645 3.493152e+03 0.040068 -9.919049e-01 -0.120497 1.149757e+02 0.000000 0 0.000000 1 
4663 -0.275881 -1.286204e-01 0.952547 1.406380e+03 -0.960423 -2.758976e-03 -0.278534 3.492994e+03 0.038454 -9.916903e-01 -0.122768 1.149643e+02 0.000000 0 0.000000 1 
4664 -0.281107 -1.257297e-01 0.951404 1.406810e+03 -0.958926 -2.407491e-03 -0.283647 3.492844e+03 0.037954 -9.920618e-01 -0.119888 1.149612e+02 0.000000 0 0.000000 1 
4665 -0.284636 -1.247303e-01 0.950486 1.407223e+03 -0.957845 -3.263104e-03 -0.287268 3.492701e+03 0.038933 -9.921855e-01 -0.118543 1.149559e+02 0.000000 0 0.000000 1 
4666 -0.286023 -1.258612e-01 0.949921 1.407629e+03 -0.957280 -6.443709e-03 -0.289093 3.492569e+03 0.042507 -9.920272e-01 -0.118640 1.149559e+02 0.000000 0 0.000000 1 
4667 -0.286682 -1.264149e-01 0.949649 1.408017e+03 -0.957081 -6.238851e-03 -0.289756 3.492436e+03 0.042555 -9.919581e-01 -0.119200 1.149525e+02 0.000000 0 0.000000 1 
4668 -0.286512 -1.257890e-01 0.949783 1.408391e+03 -0.956959 -1.029689e-02 -0.290041 3.492317e+03 0.046264 -9.920038e-01 -0.117424 1.149478e+02 0.000000 0 0.000000 1 
4669 -0.284731 -1.215739e-01 0.950867 1.408746e+03 -0.957429 -1.311358e-02 -0.288373 3.492205e+03 0.047528 -9.924960e-01 -0.112664 1.149469e+02 0.000000 0 0.000000 1 
4670 -0.279725 -1.178430e-01 0.952820 1.409090e+03 -0.958835 -1.624745e-02 -0.283500 3.492099e+03 0.048890 -9.928995e-01 -0.108446 1.149465e+02 0.000000 0 0.000000 1 
4671 -0.273246 -1.171051e-01 0.954789 1.409430e+03 -0.960883 -1.339578e-02 -0.276632 3.491992e+03 0.045186 -9.930294e-01 -0.108863 1.149488e+02 0.000000 0 0.000000 1 
4672 -0.263996 -1.168232e-01 0.957423 1.409761e+03 -0.963616 -1.113541e-02 -0.267062 3.491894e+03 0.041861 -9.930905e-01 -0.109632 1.149495e+02 0.000000 0 0.000000 1 
4673 -0.250578 -1.181260e-01 0.960862 1.410088e+03 -0.967096 -1.458279e-02 -0.253996 3.491819e+03 0.044016 -9.928918e-01 -0.110584 1.149430e+02 0.000000 0 0.000000 1 
4674 -0.232850 -1.164703e-01 0.965513 1.410408e+03 -0.971535 -1.666231e-02 -0.236312 3.491754e+03 0.043611 -9.930546e-01 -0.109274 1.149388e+02 0.000000 0 0.000000 1 
4675 -0.209885 -1.150779e-01 0.970930 1.410726e+03 -0.976883 -1.657089e-02 -0.213136 3.491700e+03 0.040617 -9.932185e-01 -0.108939 1.149364e+02 0.000000 0 0.000000 1 
4676 -0.181702 -1.149342e-01 0.976614 1.411043e+03 -0.982640 -1.661450e-02 -0.184779 3.491660e+03 0.037464 -9.932344e-01 -0.109919 1.149369e+02 0.000000 0 0.000000 1 
4677 -0.148459 -1.193282e-01 0.981693 1.411362e+03 -0.988100 -2.248569e-02 -0.152161 3.491651e+03 0.040231 -9.926004e-01 -0.114569 1.149351e+02 0.000000 0 0.000000 1 
4678 -0.109879 -1.221963e-01 0.986405 1.411675e+03 -0.993028 -2.914054e-02 -0.114227 3.491666e+03 0.042703 -9.920783e-01 -0.118142 1.149249e+02 0.000000 0 0.000000 1 
4679 -0.064556 -1.218571e-01 0.990446 1.411974e+03 -0.997070 -3.296055e-02 -0.069043 3.491695e+03 0.041059 -9.920005e-01 -0.119371 1.149206e+02 0.000000 0 0.000000 1 
4680 -0.013753 -1.174742e-01 0.992981 1.412258e+03 -0.999323 -3.228323e-02 -0.017660 3.491737e+03 0.034132 -9.925513e-01 -0.116950 1.149208e+02 0.000000 0 0.000000 1 
4681 0.039900 -1.129287e-01 0.992801 1.412534e+03 -0.998854 -3.079493e-02 0.036640 3.491795e+03 0.026436 -9.931260e-01 -0.114027 1.149190e+02 0.000000 0 0.000000 1 
4682 0.098048 -1.123742e-01 0.988817 1.412806e+03 -0.994949 -3.257308e-02 0.094954 3.491876e+03 0.021539 -9.931322e-01 -0.115000 1.149176e+02 0.000000 0 0.000000 1 
4683 0.160018 -1.111606e-01 0.980835 1.413061e+03 -0.986930 -3.725076e-02 0.156790 3.491989e+03 0.019108 -9.931043e-01 -0.115668 1.149139e+02 0.000000 0 0.000000 1 
4684 0.227006 -1.123724e-01 0.967389 1.413303e+03 -0.973707 -4.562916e-02 0.223187 3.492134e+03 0.019061 -9.926182e-01 -0.119775 1.149017e+02 0.000000 0 0.000000 1 
4685 0.296108 -1.134765e-01 0.948390 1.413531e+03 -0.954932 -5.660743e-02 0.291377 3.492299e+03 0.020622 -9.919270e-01 -0.125123 1.148883e+02 0.000000 0 0.000000 1 
4686 0.361763 -1.131302e-01 0.925381 1.413746e+03 -0.932017 -6.705101e-02 0.356159 3.492479e+03 0.021756 -9.913154e-01 -0.129695 1.148778e+02 0.000000 0 0.000000 1 
4687 0.424889 -1.131003e-01 0.898152 1.413952e+03 -0.904969 -7.759364e-02 0.418342 3.492671e+03 0.022377 -9.905493e-01 -0.135320 1.148660e+02 0.000000 0 0.000000 1 
4688 0.486041 -1.123132e-01 0.866689 1.414143e+03 -0.873554 -9.176044e-02 0.478000 3.492885e+03 0.025842 -9.894272e-01 -0.142710 1.148511e+02 0.000000 0 0.000000 1 
4689 0.545381 -1.079445e-01 0.831208 1.414314e+03 -0.837675 -1.049098e-01 0.535999 3.493115e+03 0.029344 -9.886063e-01 -0.147637 1.148371e+02 0.000000 0 0.000000 1 
4690 0.603882 -1.041075e-01 0.790246 1.414476e+03 -0.796772 -1.061701e-01 0.594881 3.493339e+03 0.021969 -9.888832e-01 -0.147063 1.148290e+02 0.000000 0 0.000000 1 
4691 0.660759 -1.003736e-01 0.743857 1.414630e+03 -0.750483 -1.057486e-01 0.652375 3.493574e+03 0.013181 -9.893143e-01 -0.145202 1.148182e+02 0.000000 0 0.000000 1 
4692 0.714072 -9.733919e-02 0.693273 1.414770e+03 -0.700019 -1.115785e-01 0.705353 3.493835e+03 0.008696 -9.889771e-01 -0.147814 1.148011e+02 0.000000 0 0.000000 1 
4693 0.763558 -9.485864e-02 0.638735 1.414892e+03 -0.645704 -1.226786e-01 0.753669 3.494120e+03 0.006867 -9.879030e-01 -0.154922 1.147832e+02 0.000000 0 0.000000 1 
4694 0.809566 -9.157589e-02 0.579843 1.414992e+03 -0.587027 -1.293580e-01 0.799165 3.494411e+03 0.001823 -9.873605e-01 -0.158480 1.147717e+02 0.000000 0 0.000000 1 
4695 0.851933 -8.940616e-02 0.515963 1.415078e+03 -0.523574 -1.283670e-01 0.842254 3.494702e+03 -0.009070 -9.876887e-01 -0.156170 1.147637e+02 0.000000 0 0.000000 1 
4696 0.889627 -8.853263e-02 0.448026 1.415144e+03 -0.456170 -1.255128e-01 0.880996 3.494998e+03 -0.021764 -9.881341e-01 -0.152045 1.147559e+02 0.000000 0 0.000000 1 
4697 0.922411 -7.772476e-02 0.378309 1.415173e+03 -0.385495 -1.256592e-01 0.914113 3.495311e+03 -0.023511 -9.890243e-01 -0.145871 1.147458e+02 0.000000 0 0.000000 1 
4698 0.950180 -6.632719e-02 0.304563 1.415173e+03 -0.310760 -1.256719e-01 0.942144 3.495626e+03 -0.024214 -9.898524e-01 -0.140022 1.147346e+02 0.000000 0 0.000000 1 
4699 0.972160 -5.796853e-02 0.227037 1.415151e+03 -0.232768 -1.275443e-01 0.964132 3.495946e+03 -0.026932 -9.901376e-01 -0.137486 1.147273e+02 0.000000 0 0.000000 1 
4700 0.987532 -5.336036e-02 0.148103 1.415113e+03 -0.153848 -1.278112e-01 0.979793 3.496265e+03 -0.033353 -9.903623e-01 -0.134426 1.147276e+02 0.000000 0 0.000000 1 
4701 0.996536 -4.847036e-02 0.067590 1.415054e+03 -0.073174 -1.245974e-01 0.989505 3.496579e+03 -0.039540 -9.910230e-01 -0.127712 1.147268e+02 0.000000 0 0.000000 1 
4702 0.998953 -4.394227e-02 -0.012740 1.414967e+03 0.007182 -1.244029e-01 0.992206 3.496898e+03 -0.045184 -9.912585e-01 -0.123956 1.147112e+02 0.000000 0 0.000000 1 
4703 0.995095 -3.491632e-02 -0.092559 1.414845e+03 0.087201 -1.322459e-01 0.987374 3.497223e+03 -0.046716 -9.906020e-01 -0.128552 1.146894e+02 0.000000 0 0.000000 1 
4704 0.985352 -1.366752e-02 -0.169986 1.414676e+03 0.166596 -1.358427e-01 0.976623 3.497528e+03 -0.036439 -9.906364e-01 -0.131575 1.146813e+02 0.000000 0 0.000000 1 
4705 0.969607 9.168562e-03 -0.244499 1.414480e+03 0.243747 -1.229844e-01 0.962009 3.497789e+03 -0.021249 -9.923665e-01 -0.121480 1.147013e+02 0.000000 0 0.000000 1 
4706 0.947409 2.067097e-02 -0.319357 1.414281e+03 0.319791 -9.937090e-02 0.942263 3.498017e+03 -0.012257 -9.948360e-01 -0.100754 1.147335e+02 0.000000 0 0.000000 1 
4707 0.918048 1.950107e-02 -0.395989 1.414082e+03 0.396229 -7.992094e-02 0.914667 3.498236e+03 -0.013811 -9.966107e-01 -0.081097 1.147539e+02 0.000000 0 0.000000 1 
4708 0.882320 1.896880e-02 -0.470268 1.413868e+03 0.470407 -6.774153e-02 0.879846 3.498446e+03 -0.015167 -9.975228e-01 -0.068692 1.147725e+02 0.000000 0 0.000000 1 
4709 0.841735 2.026888e-02 -0.539511 1.413631e+03 0.539684 -5.936805e-02 0.839772 3.498645e+03 -0.015008 -9.980306e-01 -0.060910 1.147829e+02 0.000000 0 0.000000 1 
4710 0.796045 2.294180e-02 -0.604803 1.413376e+03 0.605125 -4.948537e-02 0.794591 3.498824e+03 -0.011699 -9.985116e-01 -0.053274 1.147848e+02 0.000000 0 0.000000 1 
4711 0.747164 2.761199e-02 -0.664066 1.413101e+03 0.664622 -3.832745e-02 0.746196 3.498988e+03 -0.004848 -9.988839e-01 -0.046988 1.147830e+02 0.000000 0 0.000000 1 
4712 0.698216 3.873541e-02 -0.714838 1.412801e+03 0.715826 -2.471748e-02 0.697841 3.499129e+03 0.009362 -9.989440e-01 -0.044985 1.147835e+02 0.000000 0 0.000000 1 
4713 0.648331 5.561964e-02 -0.759324 1.412481e+03 0.760826 -1.002870e-02 0.648878 3.499251e+03 0.028476 -9.984019e-01 -0.048818 1.147855e+02 0.000000 0 0.000000 1 
4714 0.597080 6.710151e-02 -0.799370 1.412164e+03 0.801128 1.196942e-03 0.598492 3.499369e+03 0.041117 -9.977457e-01 -0.053041 1.147927e+02 0.000000 0 0.000000 1 
4715 0.545379 7.420050e-02 -0.834899 1.411847e+03 0.836634 1.248423e-02 0.547621 3.499474e+03 0.051057 -9.971654e-01 -0.055269 1.147997e+02 0.000000 0 0.000000 1 
4716 0.494676 7.998884e-02 -0.865388 1.411524e+03 0.867243 1.923723e-02 0.497514 3.499571e+03 0.056444 -9.966103e-01 -0.059853 1.148112e+02 0.000000 0 0.000000 1 
4717 0.444352 8.714733e-02 -0.891603 1.411192e+03 0.893713 2.561829e-02 0.447907 3.499658e+03 0.061876 -9.958662e-01 -0.066500 1.148225e+02 0.000000 0 0.000000 1 
4718 0.395877 8.704563e-02 -0.914168 1.410860e+03 0.916241 2.924788e-02 0.399559 3.499741e+03 0.061518 -9.957751e-01 -0.068175 1.148298e+02 0.000000 0 0.000000 1 
4719 0.348033 8.582846e-02 -0.933545 1.410517e+03 0.935415 3.430911e-02 0.351885 3.499813e+03 0.062231 -9.957192e-01 -0.068344 1.148351e+02 0.000000 0 0.000000 1 
4720 0.302227 8.534060e-02 -0.949408 1.410158e+03 0.951348 3.565685e-02 0.306050 3.499886e+03 0.059972 -9.957138e-01 -0.070411 1.148406e+02 0.000000 0 0.000000 1 
4721 0.258995 8.683475e-02 -0.961967 1.409779e+03 0.964091 3.733832e-02 0.262937 3.499948e+03 0.058751 -9.955230e-01 -0.074045 1.148476e+02 0.000000 0 0.000000 1 
4722 0.218530 8.700064e-02 -0.971944 1.409383e+03 0.974155 3.889919e-02 0.222509 3.500001e+03 0.057167 -9.954487e-01 -0.076251 1.148533e+02 0.000000 0 0.000000 1 
4723 0.179922 8.952995e-02 -0.979598 1.408964e+03 0.981769 4.572251e-02 0.184499 3.500038e+03 0.061308 -9.949343e-01 -0.079670 1.148543e+02 0.000000 0 0.000000 1 
4724 0.144031 9.129983e-02 -0.985352 1.408528e+03 0.987438 5.212845e-02 0.149166 3.500063e+03 0.064984 -9.944584e-01 -0.082644 1.148583e+02 0.000000 0 0.000000 1 
4725 0.111407 8.916751e-02 -0.989766 1.408077e+03 0.991638 5.530928e-02 0.116601 3.500091e+03 0.065141 -9.944800e-01 -0.082259 1.148678e+02 0.000000 0 0.000000 1 
4726 0.082063 8.513874e-02 -0.992984 1.407608e+03 0.994563 5.710439e-02 0.087090 3.500117e+03 0.064119 -9.947316e-01 -0.079989 1.148745e+02 0.000000 0 0.000000 1 
4727 0.055990 8.342681e-02 -0.994939 1.407115e+03 0.996348 5.967961e-02 0.061074 3.500133e+03 0.064473 -9.947255e-01 -0.079780 1.148767e+02 0.000000 0 0.000000 1 
4728 0.033100 8.541920e-02 -0.995795 1.406592e+03 0.997447 6.025682e-02 0.038324 3.500146e+03 0.063277 -9.945216e-01 -0.083206 1.148772e+02 0.000000 0 0.000000 1 
4729 0.012661 8.609631e-02 -0.996206 1.406050e+03 0.998128 5.853581e-02 0.017745 3.500157e+03 0.059842 -9.945660e-01 -0.085193 1.148824e+02 0.000000 0 0.000000 1 
4730 -0.004471 8.486329e-02 -0.996382 1.405491e+03 0.998442 5.580780e-02 0.000273 3.500161e+03 0.055629 -9.948287e-01 -0.084980 1.148918e+02 0.000000 0 0.000000 1 
4731 -0.019672 8.350960e-02 -0.996313 1.404912e+03 0.998066 6.042893e-02 -0.014641 3.500149e+03 0.058984 -9.946733e-01 -0.084536 1.149043e+02 0.000000 0 0.000000 1 
4732 -0.032864 8.037232e-02 -0.996223 1.404315e+03 0.997280 6.844415e-02 -0.027377 3.500122e+03 0.065986 -9.944125e-01 -0.082402 1.149110e+02 0.000000 0 0.000000 1 
4733 -0.042976 7.494258e-02 -0.996261 1.403701e+03 0.996309 7.738934e-02 -0.037156 3.500094e+03 0.074316 -9.941805e-01 -0.077991 1.149141e+02 0.000000 0 0.000000 1 
4734 -0.049546 7.289826e-02 -0.996108 1.403063e+03 0.996132 7.608195e-02 -0.043979 3.500082e+03 0.072580 -9.944334e-01 -0.076385 1.149228e+02 0.000000 0 0.000000 1 
4735 -0.052564 7.550959e-02 -0.995758 1.402399e+03 0.996126 7.436107e-02 -0.046944 3.500073e+03 0.070501 -9.943687e-01 -0.079125 1.149335e+02 0.000000 0 0.000000 1 
4736 -0.052094 7.899432e-02 -0.995513 1.401715e+03 0.996032 7.613831e-02 -0.046079 3.500057e+03 0.072157 -9.939634e-01 -0.082646 1.149438e+02 0.000000 0 0.000000 1 
4737 -0.050525 7.987145e-02 -0.995524 1.401025e+03 0.995934 7.848171e-02 -0.044249 3.500037e+03 0.074597 -9.937110e-01 -0.083511 1.149533e+02 0.000000 0 0.000000 1 
4738 -0.050285 8.300637e-02 -0.995279 1.400320e+03 0.995725 8.147899e-02 -0.043512 3.500018e+03 0.077483 -9.932128e-01 -0.086748 1.149569e+02 0.000000 0 0.000000 1 
4739 -0.049778 8.655149e-02 -0.995003 1.399603e+03 0.995620 8.324250e-02 -0.042568 3.500002e+03 0.079143 -9.927638e-01 -0.090315 1.149605e+02 0.000000 0 0.000000 1 
4740 -0.049292 8.817762e-02 -0.994884 1.398883e+03 0.995936 7.952363e-02 -0.042296 3.499995e+03 0.075388 -9.929256e-01 -0.091738 1.149708e+02 0.000000 0 0.000000 1 
4741 -0.050362 8.750245e-02 -0.994890 1.398160e+03 0.996383 7.267172e-02 -0.044046 3.499996e+03 0.068447 -9.935102e-01 -0.090845 1.149865e+02 0.000000 0 0.000000 1 
4742 -0.050582 8.249884e-02 -0.995306 1.397437e+03 0.996513 7.039089e-02 -0.044808 3.499989e+03 0.066364 -9.941024e-01 -0.085771 1.149992e+02 0.000000 0 0.000000 1 
4743 -0.050002 7.962774e-02 -0.995570 1.396704e+03 0.996070 7.695076e-02 -0.043872 3.499964e+03 0.073117 -9.938503e-01 -0.083162 1.150020e+02 0.000000 0 0.000000 1 
4744 -0.048629 8.516841e-02 -0.995179 1.395951e+03 0.995296 8.771917e-02 -0.041128 3.499932e+03 0.083794 -9.924979e-01 -0.089033 1.150013e+02 0.000000 0 0.000000 1 
4745 -0.046031 9.178880e-02 -0.994714 1.395187e+03 0.995230 8.995458e-02 -0.037754 3.499917e+03 0.086014 -9.917073e-01 -0.095491 1.150104e+02 0.000000 0 0.000000 1 
4746 -0.043208 9.659940e-02 -0.994385 1.394420e+03 0.995322 9.025824e-02 -0.034480 3.499914e+03 0.086421 -9.912227e-01 -0.100047 1.150181e+02 0.000000 0 0.000000 1 
4747 -0.039482 9.291451e-02 -0.994891 1.393656e+03 0.995161 9.331886e-02 -0.030777 3.499909e+03 0.089983 -9.912916e-01 -0.096148 1.150280e+02 0.000000 0 0.000000 1 
4748 -0.035799 8.700545e-02 -0.995564 1.392890e+03 0.995029 9.574568e-02 -0.027412 3.499909e+03 0.092936 -9.915963e-01 -0.090000 1.150335e+02 0.000000 0 0.000000 1 
4749 -0.032652 8.300158e-02 -0.996014 1.392113e+03 0.995207 9.461951e-02 -0.024740 3.499910e+03 0.092189 -9.920476e-01 -0.085692 1.150386e+02 0.000000 0 0.000000 1 
4750 -0.028431 8.137605e-02 -0.996278 1.391327e+03 0.995373 9.382979e-02 -0.020741 3.499928e+03 0.091793 -9.922572e-01 -0.083666 1.150481e+02 0.000000 0 0.000000 1 
4751 -0.024612 8.140965e-02 -0.996377 1.390531e+03 0.995671 9.136546e-02 -0.017129 3.499939e+03 0.089640 -9.924844e-01 -0.083305 1.150661e+02 0.000000 0 0.000000 1 
4752 -0.021275 8.270196e-02 -0.996347 1.389732e+03 0.995792 9.060862e-02 -0.013742 3.499951e+03 0.089142 -9.924469e-01 -0.084281 1.150833e+02 0.000000 0 0.000000 1 
4753 -0.016835 8.017659e-02 -0.996638 1.388936e+03 0.996140 8.723417e-02 -0.009809 3.499970e+03 0.086155 -9.929564e-01 -0.081335 1.150994e+02 0.000000 0 0.000000 1 
4754 -0.011872 8.033414e-02 -0.996697 1.388136e+03 0.996364 8.505970e-02 -0.005012 3.499993e+03 0.084376 -9.931323e-01 -0.081051 1.151179e+02 0.000000 0 0.000000 1 
4755 -0.005005 8.127387e-02 -0.996679 1.387334e+03 0.996276 8.620518e-02 0.002027 3.500015e+03 0.086084 -9.929570e-01 -0.081402 1.151339e+02 0.000000 0 0.000000 1 
4756 0.002679 8.440192e-02 -0.996428 1.386529e+03 0.996034 8.839867e-02 0.010166 3.500041e+03 0.088941 -9.925031e-01 -0.083830 1.151473e+02 0.000000 0 0.000000 1 
4757 0.009179 8.850936e-02 -0.996033 1.385721e+03 0.996001 8.771797e-02 0.016974 3.500078e+03 0.088873 -9.922057e-01 -0.087349 1.151631e+02 0.000000 0 0.000000 1 
4758 0.015843 9.073464e-02 -0.995749 1.384921e+03 0.996547 7.975595e-02 0.023124 3.500135e+03 0.081515 -9.926765e-01 -0.089157 1.151809e+02 0.000000 0 0.000000 1 
4759 0.022912 8.947039e-02 -0.995726 1.384124e+03 0.997102 7.023092e-02 0.029254 3.500205e+03 0.072548 -9.935105e-01 -0.087601 1.152039e+02 0.000000 0 0.000000 1 
4760 0.030795 8.922634e-02 -0.995535 1.383333e+03 0.997229 6.474857e-02 0.036651 3.500273e+03 0.067730 -9.939048e-01 -0.086984 1.152171e+02 0.000000 0 0.000000 1 
4761 0.038633 8.592864e-02 -0.995552 1.382540e+03 0.996897 6.507343e-02 0.044302 3.500336e+03 0.068591 -9.941741e-01 -0.083147 1.152377e+02 0.000000 0 0.000000 1 
4762 0.046537 8.624261e-02 -0.995186 1.381744e+03 0.996342 6.748236e-02 0.052439 3.500400e+03 0.071680 -9.939863e-01 -0.082786 1.152490e+02 0.000000 0 0.000000 1 
4763 0.054050 8.785836e-02 -0.994665 1.380945e+03 0.996292 6.204287e-02 0.059619 3.500484e+03 0.066950 -9.941992e-01 -0.084178 1.152668e+02 0.000000 0 0.000000 1 
4764 0.061753 9.015377e-02 -0.994011 1.380144e+03 0.995995 5.895343e-02 0.067223 3.500574e+03 0.064661 -9.941817e-01 -0.086151 1.152809e+02 0.000000 0 0.000000 1 
4765 0.070462 9.296259e-02 -0.993173 1.379341e+03 0.995427 5.782601e-02 0.076035 3.500665e+03 0.064500 -9.939892e-01 -0.088462 1.152960e+02 0.000000 0 0.000000 1 
4766 0.079021 9.509892e-02 -0.992326 1.378537e+03 0.994586 5.988192e-02 0.084939 3.500755e+03 0.067500 -9.936653e-01 -0.089851 1.153055e+02 0.000000 0 0.000000 1 
4767 0.086389 9.237185e-02 -0.991970 1.377742e+03 0.994154 5.673748e-02 0.091863 3.500860e+03 0.064768 -9.941070e-01 -0.086930 1.153259e+02 0.000000 0 0.000000 1 
4768 0.093681 8.813503e-02 -0.991693 1.376949e+03 0.994061 4.712591e-02 0.098093 3.500984e+03 0.055380 -9.949934e-01 -0.083196 1.153479e+02 0.000000 0 0.000000 1 
4769 0.100575 8.324360e-02 -0.991441 1.376157e+03 0.993842 3.818773e-02 0.104025 3.501115e+03 0.046521 -9.957975e-01 -0.078889 1.153659e+02 0.000000 0 0.000000 1 
4770 0.105955 8.069553e-02 -0.991091 1.375364e+03 0.993640 2.962148e-02 0.108639 3.501248e+03 0.038125 -9.962988e-01 -0.077043 1.153888e+02 0.000000 0 0.000000 1 
4771 0.109420 7.718636e-02 -0.990994 1.374569e+03 0.993467 2.402147e-02 0.111564 3.501379e+03 0.032417 -9.967275e-01 -0.074053 1.154174e+02 0.000000 0 0.000000 1 
4772 0.113012 7.416377e-02 -0.990822 1.373774e+03 0.993209 1.933061e-02 0.114731 3.501508e+03 0.027662 -9.970589e-01 -0.071475 1.154414e+02 0.000000 0 0.000000 1 
4773 0.116886 7.342581e-02 -0.990427 1.372974e+03 0.992824 1.674120e-02 0.118410 3.501639e+03 0.025276 -9.971604e-01 -0.070941 1.154635e+02 0.000000 0 0.000000 1 
4774 0.121535 8.015513e-02 -0.989345 1.372164e+03 0.992329 1.296067e-02 0.122952 3.501775e+03 0.022678 -9.966984e-01 -0.077964 1.154783e+02 0.000000 0 0.000000 1 
4775 0.126437 8.986636e-02 -0.987895 1.371342e+03 0.991602 1.586942e-02 0.128355 3.501905e+03 0.027212 -9.958276e-01 -0.087104 1.154929e+02 0.000000 0 0.000000 1 
4776 0.131917 9.976531e-02 -0.986227 1.370521e+03 0.990790 1.740750e-02 0.134288 3.502037e+03 0.030565 -9.948589e-01 -0.096549 1.154973e+02 0.000000 0 0.000000 1 
4777 0.136855 1.028259e-01 -0.985240 1.369708e+03 0.990096 1.727375e-02 0.139332 3.502177e+03 0.031346 -9.945496e-01 -0.099443 1.155068e+02 0.000000 0 0.000000 1 
4778 0.141494 1.010215e-01 -0.984771 1.368901e+03 0.989366 1.941855e-02 0.144146 3.502319e+03 0.033685 -9.946949e-01 -0.097199 1.155155e+02 0.000000 0 0.000000 1 
4779 0.146800 9.162789e-02 -0.984913 1.368099e+03 0.988329 2.739061e-02 0.149858 3.502454e+03 0.040709 -9.954168e-01 -0.086537 1.155308e+02 0.000000 0 0.000000 1 
4780 0.151358 7.992801e-02 -0.985242 1.367298e+03 0.987425 3.380881e-02 0.154436 3.502596e+03 0.045654 -9.962274e-01 -0.073805 1.155533e+02 0.000000 0 0.000000 1 
4781 0.155376 7.091377e-02 -0.985307 1.366486e+03 0.986587 3.940769e-02 0.158414 3.502745e+03 0.050063 -9.967039e-01 -0.063839 1.155757e+02 0.000000 0 0.000000 1 
4782 0.159032 6.810992e-02 -0.984921 1.365661e+03 0.986087 3.793498e-02 0.161844 3.502908e+03 0.048386 -9.969566e-01 -0.061129 1.156042e+02 0.000000 0 0.000000 1 
4783 0.161626 7.756777e-02 -0.983799 1.364814e+03 0.985744 3.455213e-02 0.164670 3.503081e+03 0.046766 -9.963884e-01 -0.070877 1.156269e+02 0.000000 0 0.000000 1 
4784 0.165120 8.740228e-02 -0.982393 1.363964e+03 0.985344 2.862162e-02 0.168162 3.503264e+03 0.042816 -9.957621e-01 -0.081395 1.156458e+02 0.000000 0 0.000000 1 
4785 0.168150 9.651865e-02 -0.981025 1.363111e+03 0.984797 2.756425e-02 0.171509 3.503442e+03 0.043595 -9.949497e-01 -0.090416 1.156601e+02 0.000000 0 0.000000 1 
4786 0.171133 9.605614e-02 -0.980554 1.362267e+03 0.984366 2.543672e-02 0.174290 3.503624e+03 0.041684 -9.950511e-01 -0.090201 1.156790e+02 0.000000 0 0.000000 1 
4787 0.174080 8.985385e-02 -0.980623 1.361431e+03 0.984012 2.221412e-02 0.176716 3.503813e+03 0.037663 -9.957074e-01 -0.084549 1.156952e+02 0.000000 0 0.000000 1 
4788 0.177468 8.278900e-02 -0.980638 1.360592e+03 0.983539 1.951258e-02 0.179641 3.504007e+03 0.034007 -9.963763e-01 -0.077963 1.157166e+02 0.000000 0 0.000000 1 
4789 0.181077 8.309631e-02 -0.979952 1.359739e+03 0.982782 2.196891e-02 0.183462 3.504195e+03 0.036774 -9.962996e-01 -0.077687 1.157324e+02 0.000000 0 0.000000 1 
4790 0.184041 9.274513e-02 -0.978533 1.358871e+03 0.982037 2.480515e-02 0.187051 3.504379e+03 0.041621 -9.953811e-01 -0.086513 1.157394e+02 0.000000 0 0.000000 1 
4791 0.187365 9.956819e-02 -0.977231 1.358005e+03 0.981427 2.272988e-02 0.190486 3.504578e+03 0.041179 -9.947713e-01 -0.093459 1.157526e+02 0.000000 0 0.000000 1 
4792 0.190485 9.018342e-02 -0.977539 1.357164e+03 0.980931 2.166904e-02 0.193146 3.504781e+03 0.038601 -9.956896e-01 -0.084335 1.157876e+02 0.000000 0 0.000000 1 
4793 0.194366 6.989674e-02 -0.978435 1.356337e+03 0.980140 2.616802e-02 0.196574 3.504976e+03 0.039344 -9.972112e-01 -0.063422 1.158205e+02 0.000000 0 0.000000 1 
4794 0.197557 5.724560e-02 -0.978618 1.355496e+03 0.979480 2.909840e-02 0.199433 3.505180e+03 0.039893 -9.979362e-01 -0.050322 1.158486e+02 0.000000 0 0.000000 1 
4795 0.200506 6.732066e-02 -0.977377 1.354617e+03 0.979192 1.813790e-02 0.202127 3.505406e+03 0.031335 -9.975667e-01 -0.062282 1.158738e+02 0.000000 0 0.000000 1 
4796 0.202205 8.953121e-02 -0.975242 1.353720e+03 0.979025 6.929433e-03 0.203625 3.505641e+03 0.024989 -9.959601e-01 -0.086251 1.158938e+02 0.000000 0 0.000000 1 
4797 0.205202 1.033416e-01 -0.973248 1.352832e+03 0.978444 1.947667e-03 0.206504 3.505864e+03 0.023236 -9.946443e-01 -0.100713 1.159062e+02 0.000000 0 0.000000 1 
4798 0.208203 9.628175e-02 -0.973335 1.351971e+03 0.977849 1.441369e-03 0.209311 3.506086e+03 0.021556 -9.953533e-01 -0.093848 1.159215e+02 0.000000 0 0.000000 1 
4799 0.211052 8.152575e-02 -0.974069 1.351122e+03 0.977215 5.374967e-03 0.212184 3.506305e+03 0.022534 -9.966570e-01 -0.078533 1.159400e+02 0.000000 0 0.000000 1 
4800 0.213748 7.343217e-02 -0.974125 1.350259e+03 0.976565 9.624825e-03 0.215009 3.506522e+03 0.025165 -9.972540e-01 -0.069653 1.159582e+02 0.000000 0 0.000000 1 
4801 0.214787 7.611103e-02 -0.973691 1.349378e+03 0.976345 8.655573e-03 0.216049 3.506750e+03 0.024872 -9.970620e-01 -0.072451 1.159840e+02 0.000000 0 0.000000 1 
4802 0.214794 8.090417e-02 -0.973303 1.348494e+03 0.976381 6.015094e-03 0.215973 3.506982e+03 0.023328 -9.967040e-01 -0.077701 1.160109e+02 0.000000 0 0.000000 1 
4803 0.215193 8.147353e-02 -0.973167 1.347613e+03 0.976351 3.239608e-03 0.216169 3.507214e+03 0.020765 -9.966705e-01 -0.078849 1.160300e+02 0.000000 0 0.000000 1 
4804 0.215021 8.296587e-02 -0.973079 1.346727e+03 0.976460 -7.997080e-04 0.215700 3.507451e+03 0.017118 -9.965523e-01 -0.081184 1.160445e+02 0.000000 0 0.000000 1 
4805 0.213839 8.875074e-02 -0.972829 1.345832e+03 0.976704 -1.124117e-03 0.214588 3.507679e+03 0.017952 -9.960535e-01 -0.086923 1.160568e+02 0.000000 0 0.000000 1 
4806 0.212511 9.052401e-02 -0.972956 1.344939e+03 0.976972 -1.988153e-04 0.213370 3.507905e+03 0.019122 -9.958945e-01 -0.088481 1.160778e+02 0.000000 0 0.000000 1 
4807 0.211302 8.487395e-02 -0.973729 1.344055e+03 0.977246 5.076889e-04 0.212109 3.508129e+03 0.018497 -9.963918e-01 -0.082835 1.160958e+02 0.000000 0 0.000000 1 
4808 0.210339 7.943369e-02 -0.974396 1.343170e+03 0.977418 3.616595e-03 0.211286 3.508349e+03 0.020308 -9.968338e-01 -0.076878 1.161152e+02 0.000000 0 0.000000 1 
4809 0.209120 7.834454e-02 -0.974746 1.342277e+03 0.977634 6.085907e-03 0.210229 3.508567e+03 0.022403 -9.969080e-01 -0.075319 1.161361e+02 0.000000 0 0.000000 1 
4810 0.207163 8.204666e-02 -0.974860 1.341374e+03 0.978054 5.273181e-03 0.208285 3.508789e+03 0.022230 -9.966148e-01 -0.079153 1.161570e+02 0.000000 0 0.000000 1 
4811 0.205128 8.592932e-02 -0.974955 1.340471e+03 0.978615 -2.343515e-03 0.205691 3.509025e+03 0.015390 -9.962987e-01 -0.084572 1.161766e+02 0.000000 0 0.000000 1 
4812 0.202696 8.853590e-02 -0.975231 1.339567e+03 0.979127 -3.021776e-03 0.203231 3.509248e+03 0.015047 -9.960686e-01 -0.087300 1.161922e+02 0.000000 0 0.000000 1 
4813 0.200958 9.147971e-02 -0.975319 1.338662e+03 0.979488 -3.711898e-03 0.201468 3.509465e+03 0.014810 -9.958003e-01 -0.090348 1.162028e+02 0.000000 0 0.000000 1 
4814 0.197697 9.723406e-02 -0.975429 1.337756e+03 0.980053 1.025187e-03 0.198736 3.509672e+03 0.020324 -9.952612e-01 -0.095091 1.162088e+02 0.000000 0 0.000000 1 
4815 0.195911 1.031992e-01 -0.975176 1.336851e+03 0.980351 2.787766e-03 0.197245 3.509880e+03 0.023074 -9.946570e-01 -0.100624 1.162142e+02 0.000000 0 0.000000 1 
4816 0.193909 1.014906e-01 -0.975755 1.335955e+03 0.980631 7.949101e-03 0.195705 3.510079e+03 0.027619 -9.948050e-01 -0.097983 1.162252e+02 0.000000 0 0.000000 1 
4817 0.192497 9.927735e-02 -0.976262 1.335063e+03 0.980721 1.465431e-02 0.194866 3.510272e+03 0.033653 -9.949521e-01 -0.094542 1.162288e+02 0.000000 0 0.000000 1 
4818 0.190937 9.201403e-02 -0.977280 1.334180e+03 0.981045 1.567584e-02 0.193149 3.510475e+03 0.033092 -9.956345e-01 -0.087276 1.162462e+02 0.000000 0 0.000000 1 
4819 0.189061 8.447876e-02 -0.978324 1.333299e+03 0.981415 1.709581e-02 0.191135 3.510676e+03 0.032872 -9.962788e-01 -0.079676 1.162707e+02 0.000000 0 0.000000 1 
4820 0.188525 8.620177e-02 -0.978278 1.332410e+03 0.981450 1.881211e-02 0.190794 3.510875e+03 0.034851 -9.961003e-01 -0.081055 1.162831e+02 0.000000 0 0.000000 1 
4821 0.188433 8.790703e-02 -0.978144 1.331518e+03 0.981432 1.949489e-02 0.190819 3.511076e+03 0.035843 -9.959381e-01 -0.082600 1.163046e+02 0.000000 0 0.000000 1 
4822 0.188819 9.352695e-02 -0.977548 1.330625e+03 0.981321 1.937880e-02 0.191402 3.511278e+03 0.036845 -9.954284e-01 -0.088120 1.163201e+02 0.000000 0 0.000000 1 
4823 0.189059 9.902479e-02 -0.976960 1.329736e+03 0.981132 2.195591e-02 0.192092 3.511473e+03 0.040472 -9.948429e-01 -0.093005 1.163296e+02 0.000000 0 0.000000 1 
4824 0.189732 9.737073e-02 -0.976996 1.328860e+03 0.980818 2.650812e-02 0.193116 3.511665e+03 0.044703 -9.948953e-01 -0.090473 1.163459e+02 0.000000 0 0.000000 1 
4825 0.189405 9.313656e-02 -0.977472 1.327992e+03 0.980642 3.242750e-02 0.193109 3.511855e+03 0.049683 -9.951254e-01 -0.085191 1.163641e+02 0.000000 0 0.000000 1 
4826 0.190736 9.388539e-02 -0.977141 1.327118e+03 0.980283 3.414181e-02 0.194629 3.512052e+03 0.051635 -9.949977e-01 -0.085521 1.163761e+02 0.000000 0 0.000000 1 
4827 0.191643 9.666494e-02 -0.976693 1.326243e+03 0.979796 3.917315e-02 0.196129 3.512243e+03 0.057219 -9.945460e-01 -0.087204 1.163924e+02 0.000000 0 0.000000 1 
4828 0.194108 1.044045e-01 -0.975408 1.325368e+03 0.979185 3.950750e-02 0.199089 3.512440e+03 0.059322 -9.937501e-01 -0.094562 1.164022e+02 0.000000 0 0.000000 1 
4829 0.196477 1.029004e-01 -0.975094 1.324507e+03 0.979085 3.298802e-02 0.200763 3.512652e+03 0.052825 -9.941447e-01 -0.094266 1.164174e+02 0.000000 0 0.000000 1 
4830 0.197298 1.042612e-01 -0.974783 1.323650e+03 0.979005 3.100277e-02 0.201468 3.512862e+03 0.051227 -9.940668e-01 -0.095955 1.164248e+02 0.000000 0 0.000000 1 
4831 0.199399 1.070260e-01 -0.974056 1.322794e+03 0.978942 2.261930e-02 0.202885 3.513081e+03 0.043747 -9.939991e-01 -0.100261 1.164296e+02 0.000000 0 0.000000 1 
4832 0.199975 1.063055e-01 -0.974017 1.321945e+03 0.979263 1.128289e-02 0.202283 3.513311e+03 0.032494 -9.942697e-01 -0.101844 1.164393e+02 0.000000 0 0.000000 1 
4833 0.201238 1.090316e-01 -0.973455 1.321099e+03 0.979119 6.830039e-03 0.203174 3.513530e+03 0.028801 -9.940151e-01 -0.105380 1.164455e+02 0.000000 0 0.000000 1 
4834 0.203721 1.010846e-01 -0.973796 1.320270e+03 0.978639 7.052412e-03 0.205466 3.513739e+03 0.027637 -9.948531e-01 -0.097488 1.164584e+02 0.000000 0 0.000000 1 
4835 0.205987 9.260748e-02 -0.974163 1.319444e+03 0.978210 6.970042e-03 0.207506 3.513953e+03 0.026007 -9.956785e-01 -0.089153 1.164714e+02 0.000000 0 0.000000 1 
4836 0.209146 8.960211e-02 -0.973770 1.318615e+03 0.977621 3.979696e-03 0.210339 3.514171e+03 0.022722 -9.959699e-01 -0.086764 1.164804e+02 0.000000 0 0.000000 1 
4837 0.212014 9.741881e-02 -0.972399 1.317774e+03 0.976995 2.357858e-03 0.213253 3.514388e+03 0.023068 -9.952409e-01 -0.094677 1.164855e+02 0.000000 0 0.000000 1 
4838 0.214853 1.068861e-01 -0.970780 1.316935e+03 0.976450 -3.528420e-03 0.215719 3.514612e+03 0.019632 -9.942652e-01 -0.105126 1.164901e+02 0.000000 0 0.000000 1 
4839 0.217346 1.090212e-01 -0.969987 1.316115e+03 0.975967 -8.153992e-03 0.217769 3.514840e+03 0.015833 -9.940062e-01 -0.108172 1.164936e+02 0.000000 0 0.000000 1 
4840 0.222157 1.077966e-01 -0.969033 1.315305e+03 0.974874 -7.879029e-03 0.222619 3.515056e+03 0.016363 -9.941420e-01 -0.106838 1.164970e+02 0.000000 0 0.000000 1 
4841 0.229282 1.037912e-01 -0.967810 1.314512e+03 0.973241 -8.868756e-03 0.229617 3.515282e+03 0.015249 -9.945598e-01 -0.103046 1.165001e+02 0.000000 0 0.000000 1 
4842 0.237644 1.007522e-01 -0.966113 1.313727e+03 0.971233 -9.040692e-03 0.237960 3.515512e+03 0.015241 -9.948707e-01 -0.100002 1.165087e+02 0.000000 0 0.000000 1 
4843 0.247531 1.013770e-01 -0.963561 1.312953e+03 0.968761 -1.026606e-02 0.247787 3.515747e+03 0.015228 -9.947953e-01 -0.100750 1.165117e+02 0.000000 0 0.000000 1 
4844 0.258309 1.021955e-01 -0.960641 1.312194e+03 0.965961 -1.286212e-02 0.258371 3.515993e+03 0.014049 -9.946814e-01 -0.102038 1.165173e+02 0.000000 0 0.000000 1 
4845 0.269510 1.047171e-01 -0.957287 1.311450e+03 0.962908 -1.571243e-02 0.269373 3.516241e+03 0.013167 -9.943782e-01 -0.105067 1.165196e+02 0.000000 0 0.000000 1 
4846 0.282370 1.071297e-01 -0.953305 1.310727e+03 0.959207 -1.722322e-02 0.282182 3.516494e+03 0.013811 -9.940961e-01 -0.107622 1.165224e+02 0.000000 0 0.000000 1 
4847 0.296506 1.096527e-01 -0.948715 1.310022e+03 0.954915 -1.854479e-02 0.296300 3.516753e+03 0.014897 -9.937972e-01 -0.110207 1.165228e+02 0.000000 0 0.000000 1 
4848 0.311550 1.112476e-01 -0.943695 1.309340e+03 0.950116 -2.104608e-02 0.311189 3.517020e+03 0.014758 -9.935701e-01 -0.112254 1.165226e+02 0.000000 0 0.000000 1 
4849 0.327494 1.156427e-01 -0.937749 1.308676e+03 0.944751 -2.547281e-02 0.326798 3.517296e+03 0.013905 -9.929644e-01 -0.117595 1.165145e+02 0.000000 0 0.000000 1 
4850 0.343132 1.156241e-01 -0.932143 1.308038e+03 0.939124 -2.372433e-02 0.342759 3.517568e+03 0.017517 -9.930099e-01 -0.116725 1.165141e+02 0.000000 0 0.000000 1 
